000003
000007
000014
000019
000020
000022
000023
000024
000025
000026
000027
000028
000032
000033
000035
000039
000041
000044
000045
000046
000048
000050
000052
000053
000054
000055
000056
000057
000058
000059
000060
000063
000069
000074
000079
000080
000082
000083
000084
000085
000086
000092
000094
000095
000099
000103
000108
000115
000118
000119
000120
000122
000126
000133
000134
000137
000140
000141
000142
000144
000145
000146
000147
000150
000151
000152
000153
000154
000160
000162
000171
000172
000174
000177
000178
000179
000180
000184
000185
000186
000188
000192
000195
000201
000202
000204
000207
000209
000210
000211
000212
000213
000214
000215
000216
000218
000223
000224
000225
000228
000229
000230
000232
000234
000239
000240
000241
000242
000243
000246
000250
000251
000253
000254
000255
000260
000264
000266
000267
000270
000276
000278
000281
000286
000287
000288
000295
000298
000299
000303
000305
000306
000308
000312
000314
000315
000322
000326
000328
000329
000331
000332
000333
000340
000341
000342
000345
000346
000348
000349
000350
000353
000354
000356
000357
000359
000360
000363
000364
000368
000369
000371
000373
000374
000376
000381
000382
000383
000390
000391
000395
000396
000397
000404
000405
000407
000409
000416
000417
000420
000421
000422
000423
000425
000426
000427
000429
000430
000434
000437
000438
000441
000443
000445
000446
000449
000452
000455
000456
000457
000458
000459
000462
000464
000465
000466
000467
000470
000472
000480
000483
000488
000489
000493
000497
000498
000501
000502
000507
000509
000512
000513
000514
000515
000518
000519
000520
000521
000523
000527
000528
000529
000533
000534
000540
000541
000542
000544
000546
000548
000549
000554
000556
000559
000562
000563
000566
000569
000576
000577
000580
000583
000586
000589
000590
000592
000593
000595
000598
000599
000600
000606
000608
000614
000615
000617
000618
000621
000623
000625
000628
000631
000632
000633
000635
000637
000638
000639
000641
000642
000646
000647
000648
000651
000653
000654
000656
000658
000659
000667
000668
000674
000680
000681
000690
000691
000692
000693
000695
000696
000702
000705
000708
000710
000712
000717
000718
000720
000722
000723
000725
000726
000733
000735
000736
000739
000740
000741
000743
000745
000747
000748
000755
000757
000760
000762
000763
000767
000772
000774
000775
000777
000778
000780
000782
000786
000790
000793
000794
000796
000797
000798
000799
000802
000804
000805
000806
000807
000808
000810
