000001
000004
000005
000006
000008
000010
000011
000015
000016
000017
000018
000021
000029
000030
000031
000034
000036
000037
000038
000040
000042
000047
000051
000062
000064
000065
000066
000067
000070
000071
000072
000075
000077
000078
000081
000087
000088
000090
000093
000096
000097
000101
000104
000106
000109
000110
000111
000113
000114
000116
000121
000123
000124
000125
000127
000128
000129
000130
000131
000132
000135
000136
000138
000139
000148
000149
000155
000157
000158
000159
000161
000165
000168
000173
000175
000176
000181
000183
000187
000189
000190
000191
000193
000194
000196
000197
000198
000199
000200
000203
000217
000219
000220
000221
000222
000226
000227
000231
000233
000235
000236
000237
000238
000244
000245
000248
000249
000252
000256
000261
000263
000268
000272
000274
000275
000277
000279
000280
000282
000283
000284
000285
000289
000291
000292
000293
000294
000296
000297
000300
000302
000304
000307
000310
000311
000313
000316
000317
000318
000319
000321
000323
000325
000330
000335
000336
000337
000338
000339
000344
000347
000351
000352
000355
000358
000361
000362
000365
000366
000370
000372
000377
000378
000379
000380
000384
000385
000386
000387
000388
000389
000392
000393
000394
000398
000399
000401
000402
000403
000406
000408
000410
000411
000412
000415
000418
000419
000424
000428
000432
000433
000435
000436
000439
000440
000442
000444
000450
000451
000453
000454
000460
000468
000469
000471
000473
000474
000475
000476
000477
000479
000481
000485
000492
000494
000496
000499
000500
000503
000505
000506
000511
000517
000522
000524
000526
000531
000532
000535
000536
000537
000539
000543
000547
000550
000551
000552
000553
000557
000558
000560
000565
000568
000570
000571
000574
000575
000578
000579
000581
000584
000585
000587
000591
000594
000597
000602
000603
000605
000607
000610
000611
000612
000613
000616
000619
000620
000622
000626
000627
000630
000636
000640
000644
000650
000652
000655
000657
000660
000661
000662
000664
000665
000666
000670
000672
000673
000675
000676
000677
000678
000679
000682
000684
000685
000686
000687
000689
000694
000697
000698
000699
000700
000701
000704
000709
000711
000713
000714
000715
000716
000719
000721
000724
000727
000728
000729
000731
000734
000737
000738
000742
000744
000746
000750
000751
000752
000753
000754
000756
000758
000759
000764
000766
000768
000769
000770
000771
000773
000776
000779
000781
000783
000784
000785
000789
000791
000795
000800
000803
